[gd_scene load_steps=8 format=3 uid="uid://c2ksqumo8ouyv"]

[ext_resource type="PackedScene" uid="uid://coa2enk271cgj" path="res://_3D/board/hotspot/hex_hotspot/hex_hotspot.tscn" id="1_2gxo7"]
[ext_resource type="Script" uid="uid://dxasd5gkgv3c0" path="res://_3D/board/standard_board/standard_board.gd" id="1_g3712"]
[ext_resource type="ArrayMesh" uid="uid://cd8l8bft7v2x4" path="res://imports/blend_files/standard_board/standard_board_mesh.res" id="2_k6xns"]
[ext_resource type="PackedScene" uid="uid://del6455x1rio1" path="res://_3D/board/hotspot/building_hotspot/building_hotspot.tscn" id="3_tcvqv"]
[ext_resource type="Script" uid="uid://c301cybdi62i" path="res://_3D/board/terrain/terrain.gd" id="3_w6rhv"]
[ext_resource type="PackedScene" uid="uid://c7c6bp287ee3d" path="res://_3D/board/port/port_piece.tscn" id="4_tpb0m"]
[ext_resource type="PackedScene" uid="uid://ojj448xhq20k" path="res://_3D/board/hotspot/road_hotspot/road_hotspot.tscn" id="6_gqk4j"]

[node name="StandardBoard" type="Node3D"]
script = ExtResource("1_g3712")

[node name="StandardBoardMesh" type="MeshInstance3D" parent="."]
transform = Transform3D(10, 0, 0, 0, 10, 0, 0, 0, 10, 0, 0, 0)
mesh = ExtResource("2_k6xns")

[node name="Terrain" type="Node3D" parent="."]
script = ExtResource("3_w6rhv")
metadata/_custom_type_script = "uid://c301cybdi62i"

[node name="0" parent="Terrain" instance=ExtResource("1_2gxo7")]
transform = Transform3D(1, 0, 0, 0, 1, 0, 0, 0, 1, -17.4, 0, 30)

[node name="1" parent="Terrain" instance=ExtResource("1_2gxo7")]
transform = Transform3D(1, 0, 0, 0, 1, 0, 0, 0, 1, 0.02, 0, 30)

[node name="2" parent="Terrain" instance=ExtResource("1_2gxo7")]
transform = Transform3D(1, 0, 0, 0, 1, 0, 0, 0, 1, 17.3868, 0, 0)

[node name="3" parent="Terrain" instance=ExtResource("1_2gxo7")]
transform = Transform3D(1, 0, 0, 0, 1, 0, 0, 0, 1, 34.6158, 0, 0)

[node name="4" parent="Terrain" instance=ExtResource("1_2gxo7")]
transform = Transform3D(1, 0, 0, 0, 1, 0, 0, 0, 1, -17.3724, 0, 0)

[node name="5" parent="Terrain" instance=ExtResource("1_2gxo7")]
transform = Transform3D(1, 0, 0, 0, 1, 0, 0, 0, 1, -34.6, 0, 0)

[node name="6" parent="Terrain" instance=ExtResource("1_2gxo7")]
transform = Transform3D(1, 0, 0, 0, 1, 0, 0, 0, 1, 25.92, 0, 15)

[node name="7" parent="Terrain" instance=ExtResource("1_2gxo7")]
transform = Transform3D(1, 0, 0, 0, 1, 0, 0, 0, 1, 8.69518, 0, 15)

[node name="8" parent="Terrain" instance=ExtResource("1_2gxo7")]
transform = Transform3D(1, 0, 0, 0, 1, 0, 0, 0, 1, -8.668, 0, 15)

[node name="9" parent="Terrain" instance=ExtResource("1_2gxo7")]
transform = Transform3D(1, 0, 0, 0, 1, 0, 0, 0, 1, -25.92, 0, 15)

[node name="10" parent="Terrain" instance=ExtResource("1_2gxo7")]
transform = Transform3D(1, 0, 0, 0, 1, 0, 0, 0, 1, 25.9097, 0, -15)

[node name="11" parent="Terrain" instance=ExtResource("1_2gxo7")]
transform = Transform3D(1, 0, 0, 0, 1, 0, 0, 0, 1, 8.7, 0, -15)

[node name="12" parent="Terrain" instance=ExtResource("1_2gxo7")]
transform = Transform3D(1, 0, 0, 0, 1, 0, 0, 0, 1, -8.647, 0, -15)

[node name="13" parent="Terrain" instance=ExtResource("1_2gxo7")]
transform = Transform3D(1, 0, 0, 0, 1, 0, 0, 0, 1, -25.9668, 0, -15)

[node name="14" parent="Terrain" instance=ExtResource("1_2gxo7")]
transform = Transform3D(1, 0, 0, 0, 1, 0, 0, 0, 1, 17.2871, 0, -30)

[node name="15" parent="Terrain" instance=ExtResource("1_2gxo7")]
transform = Transform3D(1, 0, 0, 0, 1, 0, 0, 0, 1, -0.041, 0, -30)

[node name="16" parent="Terrain" instance=ExtResource("1_2gxo7")]
transform = Transform3D(1, 0, 0, 0, 1, 0, 0, 0, 1, -17.2913, 0, -30)

[node name="17" parent="Terrain" instance=ExtResource("1_2gxo7")]
transform = Transform3D(1, 0, 0, 0, 1, 0, 0, 0, 1, 17.32, 0, 30)

[node name="18" parent="Terrain" instance=ExtResource("1_2gxo7")]
is_desert = true

[node name="Buildings" type="Node3D" parent="."]

[node name="1" parent="Buildings" instance=ExtResource("3_tcvqv")]
transform = Transform3D(1, 0, 0, 0, 1, 0, 0, 0, 1, -25.9602, 0, -34.9553)

[node name="2" parent="Buildings" instance=ExtResource("3_tcvqv")]
transform = Transform3D(1, 0, 0, 0, 1, 0, 0, 0, 1, -17.3082, 0, -39.9959)

[node name="3" parent="Buildings" instance=ExtResource("3_tcvqv")]
transform = Transform3D(1, 0, 0, 0, 1, 0, 0, 0, 1, -8.65795, 0, -35.012)

[node name="4" parent="Buildings" instance=ExtResource("3_tcvqv")]
transform = Transform3D(1, 0, 0, 0, 1, 0, 0, 0, 1, 0.008, 0, -40)

[node name="5" parent="Buildings" instance=ExtResource("3_tcvqv")]
transform = Transform3D(1, 0, 0, 0, 1, 0, 0, 0, 1, 8.66228, 0, -34.9929)

[node name="6" parent="Buildings" instance=ExtResource("3_tcvqv")]
transform = Transform3D(1, 0, 0, 0, 1, 0, 0, 0, 1, 17.3172, 0, -39.9888)

[node name="7" parent="Buildings" instance=ExtResource("3_tcvqv")]
transform = Transform3D(1, 0, 0, 0, 1, 0, 0, 0, 1, 25.9836, 0, -34.9926)

[node name="8" parent="Buildings" instance=ExtResource("3_tcvqv")]
transform = Transform3D(1, 0, 0, 0, 1, 0, 0, 0, 1, -25.9745, 0, -24.9957)

[node name="9" parent="Buildings" instance=ExtResource("3_tcvqv")]
transform = Transform3D(1, 0, 0, 0, 1, 0, 0, 0, 1, -17.3432, 0, -20.0644)

[node name="10" parent="Buildings" instance=ExtResource("3_tcvqv")]
transform = Transform3D(1, 0, 0, 0, 1, 0, 0, 0, 1, -8.65143, 0, -24.9851)

[node name="11" parent="Buildings" instance=ExtResource("3_tcvqv")]
transform = Transform3D(1, 0, 0, 0, 1, 0, 0, 0, 1, -0.00349283, 0, -19.9932)

[node name="12" parent="Buildings" instance=ExtResource("3_tcvqv")]
transform = Transform3D(1, 0, 0, 0, 1, 0, 0, 0, 1, 8.65997, 0, -25.0024)

[node name="13" parent="Buildings" instance=ExtResource("3_tcvqv")]
transform = Transform3D(1, 0, 0, 0, 1, 0, 0, 0, 1, 17.3338, 0, -19.9708)

[node name="14" parent="Buildings" instance=ExtResource("3_tcvqv")]
transform = Transform3D(1, 0, 0, 0, 1, 0, 0, 0, 1, 25.9839, 0, -24.9995)

[node name="15" parent="Buildings" instance=ExtResource("3_tcvqv")]
transform = Transform3D(1, 0, 0, 0, 1, 0, 0, 0, 1, 34.6276, 0, -19.9814)

[node name="16" parent="Buildings" instance=ExtResource("3_tcvqv")]
transform = Transform3D(1, 0, 0, 0, 1, 0, 0, 0, 1, -34.6502, 0, -19.996)

[node name="17" parent="Buildings" instance=ExtResource("3_tcvqv")]
transform = Transform3D(1, 0, 0, 0, 1, 0, 0, 0, 1, -43.3193, 0, -4.9952)

[node name="18" parent="Buildings" instance=ExtResource("3_tcvqv")]
transform = Transform3D(1, 0, 0, 0, 1, 0, 0, 0, 1, -34.6478, 0, -10.0021)

[node name="19" parent="Buildings" instance=ExtResource("3_tcvqv")]
transform = Transform3D(1, 0, 0, 0, 1, 0, 0, 0, 1, -25.9891, 0, -4.98129)

[node name="20" parent="Buildings" instance=ExtResource("3_tcvqv")]
transform = Transform3D(1, 0, 0, 0, 1, 0, 0, 0, 1, -17.318, 0, -10.0062)

[node name="21" parent="Buildings" instance=ExtResource("3_tcvqv")]
transform = Transform3D(1, 0, 0, 0, 1, 0, 0, 0, 1, -8.67387, 0, -4.9936)

[node name="22" parent="Buildings" instance=ExtResource("3_tcvqv")]
transform = Transform3D(1, 0, 0, 0, 1, 0, 0, 0, 1, 0.00362158, 0, -9.99196)

[node name="23" parent="Buildings" instance=ExtResource("3_tcvqv")]
transform = Transform3D(1, 0, 0, 0, 1, 0, 0, 0, 1, 8.66747, 0, -5.01271)

[node name="24" parent="Buildings" instance=ExtResource("3_tcvqv")]
transform = Transform3D(1, 0, 0, 0, 1, 0, 0, 0, 1, 17.3163, 0, -9.98896)

[node name="25" parent="Buildings" instance=ExtResource("3_tcvqv")]
transform = Transform3D(1, 0, 0, 0, 1, 0, 0, 0, 1, 17.3163, 0, -9.98896)

[node name="26" parent="Buildings" instance=ExtResource("3_tcvqv")]
transform = Transform3D(1, 0, 0, 0, 1, 0, 0, 0, 1, 26.0014, 0, -5.00994)

[node name="27" parent="Buildings" instance=ExtResource("3_tcvqv")]
transform = Transform3D(1, 0, 0, 0, 1, 0, 0, 0, 1, 34.6327, 0, -9.9984)

[node name="28" parent="Buildings" instance=ExtResource("3_tcvqv")]
transform = Transform3D(1, 0, 0, 0, 1, 0, 0, 0, 1, 43.2902, 0, -4.99786)

[node name="29" parent="Buildings" instance=ExtResource("3_tcvqv")]
transform = Transform3D(1, 0, 0, 0, 1, 0, 0, 0, 1, -43.3008, 0, 5.03554)

[node name="30" parent="Buildings" instance=ExtResource("3_tcvqv")]
transform = Transform3D(1, 0, 0, 0, 1, 0, 0, 0, 1, -34.6739, 0, 10.0345)

[node name="31" parent="Buildings" instance=ExtResource("3_tcvqv")]
transform = Transform3D(1, 0, 0, 0, 1, 0, 0, 0, 1, -26.0048, 0, 4.97227)

[node name="32" parent="Buildings" instance=ExtResource("3_tcvqv")]
transform = Transform3D(1, 0, 0, 0, 1, 0, 0, 0, 1, -17.3302, 0, 10.0034)

[node name="33" parent="Buildings" instance=ExtResource("3_tcvqv")]
transform = Transform3D(1, 0, 0, 0, 1, 0, 0, 0, 1, -8.66383, 0, 5.00565)

[node name="34" parent="Buildings" instance=ExtResource("3_tcvqv")]
transform = Transform3D(1, 0, 0, 0, 1, 0, 0, 0, 1, -0.0107403, 0, 10.0167)

[node name="35" parent="Buildings" instance=ExtResource("3_tcvqv")]
transform = Transform3D(1, 0, 0, 0, 1, 0, 0, 0, 1, 8.69551, 0, 5.00565)

[node name="36" parent="Buildings" instance=ExtResource("3_tcvqv")]
transform = Transform3D(1, 0, 0, 0, 1, 0, 0, 0, 1, 17.3087, 0, 10.03)

[node name="37" parent="Buildings" instance=ExtResource("3_tcvqv")]
transform = Transform3D(1, 0, 0, 0, 1, 0, 0, 0, 1, 25.9884, 0, 5.01894)

[node name="38" parent="Buildings" instance=ExtResource("3_tcvqv")]
transform = Transform3D(1, 0, 0, 0, 1, 0, 0, 0, 1, 34.6282, 0, 10.0034)

[node name="39" parent="Buildings" instance=ExtResource("3_tcvqv")]
transform = Transform3D(1, 0, 0, 0, 1, 0, 0, 0, 1, 43.2722, 0, 4.95811)

[node name="40" parent="Buildings" instance=ExtResource("3_tcvqv")]
transform = Transform3D(1, 0, 0, 0, 1, 0, 0, 0, 1, -34.6817, 0, 20.0278)

[node name="41" parent="Buildings" instance=ExtResource("3_tcvqv")]
transform = Transform3D(1, 0, 0, 0, 1, 0, 0, 0, 1, -25.9867, 0, 25.0077)

[node name="42" parent="Buildings" instance=ExtResource("3_tcvqv")]
transform = Transform3D(1, 0, 0, 0, 1, 0, 0, 0, 1, -17.3032, 0, 19.9822)

[node name="43" parent="Buildings" instance=ExtResource("3_tcvqv")]
transform = Transform3D(1, 0, 0, 0, 1, 0, 0, 0, 1, -8.6424, 0, 25.0077)

[node name="44" parent="Buildings" instance=ExtResource("3_tcvqv")]
transform = Transform3D(1, 0, 0, 0, 1, 0, 0, 0, 1, -0.0044241, 0, 20.0164)

[node name="45" parent="Buildings" instance=ExtResource("3_tcvqv")]
transform = Transform3D(1, 0, 0, 0, 1, 0, 0, 0, 1, 8.66774, 0, 25.0077)

[node name="46" parent="Buildings" instance=ExtResource("3_tcvqv")]
transform = Transform3D(1, 0, 0, 0, 1, 0, 0, 0, 1, 17.3285, 0, 20.0164)

[node name="47" parent="Buildings" instance=ExtResource("3_tcvqv")]
transform = Transform3D(1, 0, 0, 0, 1, 0, 0, 0, 1, 25.9665, 0, 24.9963)

[node name="48" parent="Buildings" instance=ExtResource("3_tcvqv")]
transform = Transform3D(1, 0, 0, 0, 1, 0, 0, 0, 1, 34.6045, 0, 19.9822)

[node name="49" parent="Buildings" instance=ExtResource("3_tcvqv")]
transform = Transform3D(1, 0, 0, 0, 1, 0, 0, 0, 1, -26.0186, 0, 35.0844)

[node name="50" parent="Buildings" instance=ExtResource("3_tcvqv")]
transform = Transform3D(1, 0, 0, 0, 1, 0, 0, 0, 1, -17.3017, 0, 40.0211)

[node name="51" parent="Buildings" instance=ExtResource("3_tcvqv")]
transform = Transform3D(1, 0, 0, 0, 1, 0, 0, 0, 1, -8.65023, 0, 35.0572)

[node name="52" parent="Buildings" instance=ExtResource("3_tcvqv")]
transform = Transform3D(1, 0, 0, 0, 1, 0, 0, 0, 1, 0.00121784, 0, 39.9857)

[node name="53" parent="Buildings" instance=ExtResource("3_tcvqv")]
transform = Transform3D(1, 0, 0, 0, 1, 0, 0, 0, 1, 8.68812, 0, 34.9863)

[node name="54" parent="Buildings" instance=ExtResource("3_tcvqv")]
transform = Transform3D(1, 0, 0, 0, 1, 0, 0, 0, 1, 17.3041, 0, 39.9857)

[node name="55" parent="Buildings" instance=ExtResource("3_tcvqv")]
transform = Transform3D(1, 0, 0, 0, 1, 0, 0, 0, 1, 25.9733, 0, 35.004)

[node name="Roads" type="Node3D" parent="."]

[node name="1" parent="Roads" instance=ExtResource("6_gqk4j")]
transform = Transform3D(1, 0, 0, 0, 1, 0, 0, 0, 1, -25.9046, 0, -30.0104)

[node name="2" parent="Roads" instance=ExtResource("6_gqk4j")]
transform = Transform3D(0.5, 0, -0.866025, 0, 1, 0, 0.866025, 0, 0.5, -21.5897, 0, -37.5872)

[node name="3" parent="Roads" instance=ExtResource("6_gqk4j")]
transform = Transform3D(-0.5, 0, -0.866025, 0, 1, 0, 0.866025, 0, -0.5, -13.034, 0, -37.5872)

[node name="50" parent="Roads" instance=ExtResource("6_gqk4j")]
transform = Transform3D(-0.5, 0, -0.866025, 0, 1, 0, 0.866025, 0, -0.5, -21.3915, 0, -22.3607)

[node name="51" parent="Roads" instance=ExtResource("6_gqk4j")]
transform = Transform3D(-0.5, 0, -0.866025, 0, 1, 0, 0.866025, 0, -0.5, -4.42811, 0, -22.538)

[node name="52" parent="Roads" instance=ExtResource("6_gqk4j")]
transform = Transform3D(-0.5, 0, -0.866025, 0, 1, 0, 0.866025, 0, -0.5, 12.9737, 0, -22.4869)

[node name="53" parent="Roads" instance=ExtResource("6_gqk4j")]
transform = Transform3D(-0.5, 0, -0.866025, 0, 1, 0, 0.866025, 0, -0.5, 30.309, 0, -22.491)

[node name="54" parent="Roads" instance=ExtResource("6_gqk4j")]
transform = Transform3D(-0.5, 0, -0.866025, 0, 1, 0, 0.866025, 0, -0.5, -30.3408, 0, -7.47091)

[node name="55" parent="Roads" instance=ExtResource("6_gqk4j")]
transform = Transform3D(-0.5, 0, -0.866025, 0, 1, 0, 0.866025, 0, -0.5, -12.9453, 0, -7.4548)

[node name="56" parent="Roads" instance=ExtResource("6_gqk4j")]
transform = Transform3D(-0.5, 0, -0.866025, 0, 1, 0, 0.866025, 0, -0.5, 4.19508, 0, -7.60057)

[node name="57" parent="Roads" instance=ExtResource("6_gqk4j")]
transform = Transform3D(-0.5, 0, -0.866025, 0, 1, 0, 0.866025, 0, -0.5, 21.5374, 0, -7.58686)

[node name="58" parent="Roads" instance=ExtResource("6_gqk4j")]
transform = Transform3D(-0.5, 0, -0.866025, 0, 1, 0, 0.866025, 0, -0.5, 39.0924, 0, -7.48252)

[node name="59" parent="Roads" instance=ExtResource("6_gqk4j")]
transform = Transform3D(-0.5, 0, -0.866025, 0, 1, 0, 0.866025, 0, -0.5, -39.2092, 0, 7.46298)

[node name="60" parent="Roads" instance=ExtResource("6_gqk4j")]
transform = Transform3D(-0.5, 0, -0.866025, 0, 1, 0, 0.866025, 0, -0.5, -21.6034, 0, 7.51131)

[node name="61" parent="Roads" instance=ExtResource("6_gqk4j")]
transform = Transform3D(-0.5, 0, -0.866025, 0, 1, 0, 0.866025, 0, -0.5, -4.38838, 0, 7.48655)

[node name="62" parent="Roads" instance=ExtResource("6_gqk4j")]
transform = Transform3D(-0.5, 0, -0.866025, 0, 1, 0, 0.866025, 0, -0.5, 12.9325, 0, 7.46357)

[node name="63" parent="Roads" instance=ExtResource("6_gqk4j")]
transform = Transform3D(-0.5, 0, -0.866025, 0, 1, 0, 0.866025, 0, -0.5, 30.3517, 0, 7.47456)

[node name="64" parent="Roads" instance=ExtResource("6_gqk4j")]
transform = Transform3D(-0.5, 0, -0.866025, 0, 1, 0, 0.866025, 0, -0.5, -30.3875, 0, 22.5714)

[node name="66" parent="Roads" instance=ExtResource("6_gqk4j")]
transform = Transform3D(-0.5, 0, -0.866025, 0, 1, 0, 0.866025, 0, -0.5, -12.9677, 0, 22.4949)

[node name="70" parent="Roads" instance=ExtResource("6_gqk4j")]
transform = Transform3D(-0.5, 0, -0.866025, 0, 1, 0, 0.866025, 0, -0.5, -21.722, 0, 37.6483)

[node name="71" parent="Roads" instance=ExtResource("6_gqk4j")]
transform = Transform3D(-0.5, 0, -0.866025, 0, 1, 0, 0.866025, 0, -0.5, -4.42171, 0, 37.5315)

[node name="72" parent="Roads" instance=ExtResource("6_gqk4j")]
transform = Transform3D(-0.5, 0, -0.866025, 0, 1, 0, 0.866025, 0, -0.5, 12.7728, 0, 37.458)

[node name="67" parent="Roads" instance=ExtResource("6_gqk4j")]
transform = Transform3D(-0.5, 0, -0.866025, 0, 1, 0, 0.866025, 0, -0.5, 4.1687, 0, 22.4182)

[node name="68" parent="Roads" instance=ExtResource("6_gqk4j")]
transform = Transform3D(-0.5, 0, -0.866025, 0, 1, 0, 0.866025, 0, -0.5, 21.6123, 0, 22.4761)

[node name="4" parent="Roads" instance=ExtResource("6_gqk4j")]
transform = Transform3D(-1, 0, 1.19209e-07, 0, 1, 0, -1.19209e-07, 0, -1, -8.642, 0, -30.015)

[node name="5" parent="Roads" instance=ExtResource("6_gqk4j")]
transform = Transform3D(-0.5, 0, 0.866026, 0, 1, 0, -0.866026, 0, -0.5, -4.30634, 0, -37.588)

[node name="6" parent="Roads" instance=ExtResource("6_gqk4j")]
transform = Transform3D(0.5, 0, 0.866025, 0, 1, 0, -0.866025, 0, 0.5, 4.34572, 0, -37.5302)

[node name="7" parent="Roads" instance=ExtResource("6_gqk4j")]
transform = Transform3D(1, 0, -2.38419e-07, 0, 1, 0, 2.38419e-07, 0, 1, 8.70608, 0, -29.9558)

[node name="8" parent="Roads" instance=ExtResource("6_gqk4j")]
transform = Transform3D(0.5, 0, -0.866026, 0, 1, 0, 0.866026, 0, 0.5, 12.8417, 0, -37.5302)

[node name="9" parent="Roads" instance=ExtResource("6_gqk4j")]
transform = Transform3D(-0.5, 0, -0.866025, 0, 1, 0, 0.866025, 0, -0.5, 21.5624, 0, -37.5976)

[node name="10" parent="Roads" instance=ExtResource("6_gqk4j")]
transform = Transform3D(-1, 0, 3.8743e-07, 0, 1, 0, -3.8743e-07, 0, -1, 25.9902, 0, -30.0457)

[node name="11" parent="Roads" instance=ExtResource("6_gqk4j")]
transform = Transform3D(-1, 0, 3.8743e-07, 0, 1, 0, -3.8743e-07, 0, -1, -34.638, 0, -15.1633)

[node name="31" parent="Roads" instance=ExtResource("6_gqk4j")]
transform = Transform3D(-1, 0, 3.8743e-07, 0, 1, 0, -3.8743e-07, 0, -1, -17.3053, 0, -15.1633)

[node name="32" parent="Roads" instance=ExtResource("6_gqk4j")]
transform = Transform3D(-1, 0, 3.8743e-07, 0, 1, 0, -3.8743e-07, 0, -1, 0.0174217, 0, -15.1633)

[node name="33" parent="Roads" instance=ExtResource("6_gqk4j")]
transform = Transform3D(-1, 0, 3.8743e-07, 0, 1, 0, -3.8743e-07, 0, -1, 17.3115, 0, -15.1633)

[node name="34" parent="Roads" instance=ExtResource("6_gqk4j")]
transform = Transform3D(-1, 0, 3.8743e-07, 0, 1, 0, -3.8743e-07, 0, -1, 34.6265, 0, -15.1633)

[node name="35" parent="Roads" instance=ExtResource("6_gqk4j")]
transform = Transform3D(-1, 0, 3.8743e-07, 0, 1, 0, -3.8743e-07, 0, -1, -43.3151, 0, -0.000544727)

[node name="36" parent="Roads" instance=ExtResource("6_gqk4j")]
transform = Transform3D(-1, 0, 3.8743e-07, 0, 1, 0, -3.8743e-07, 0, -1, -25.9823, 0, -0.000544727)

[node name="37" parent="Roads" instance=ExtResource("6_gqk4j")]
transform = Transform3D(-1, 0, 3.8743e-07, 0, 1, 0, -3.8743e-07, 0, -1, -8.66096, 0, -0.000544727)

[node name="38" parent="Roads" instance=ExtResource("6_gqk4j")]
transform = Transform3D(-1, 0, 3.8743e-07, 0, 1, 0, -3.8743e-07, 0, -1, 8.68382, 0, -0.000544727)

[node name="39" parent="Roads" instance=ExtResource("6_gqk4j")]
transform = Transform3D(-1, 0, 3.8743e-07, 0, 1, 0, -3.8743e-07, 0, -1, 25.9918, 0, -0.000544727)

[node name="40" parent="Roads" instance=ExtResource("6_gqk4j")]
transform = Transform3D(-1, 0, 3.8743e-07, 0, 1, 0, -3.8743e-07, 0, -1, 43.3001, 0, -0.000544727)

[node name="41" parent="Roads" instance=ExtResource("6_gqk4j")]
transform = Transform3D(-1, 0, 3.8743e-07, 0, 1, 0, -3.8743e-07, 0, -1, -34.6519, 0, 15.1099)

[node name="42" parent="Roads" instance=ExtResource("6_gqk4j")]
transform = Transform3D(-1, 0, 3.8743e-07, 0, 1, 0, -3.8743e-07, 0, -1, -17.2955, 0, 15.1099)

[node name="43" parent="Roads" instance=ExtResource("6_gqk4j")]
transform = Transform3D(-1, 0, 3.8743e-07, 0, 1, 0, -3.8743e-07, 0, -1, 0.0194206, 0, 15.1099)

[node name="44" parent="Roads" instance=ExtResource("6_gqk4j")]
transform = Transform3D(-1, 0, 3.8743e-07, 0, 1, 0, -3.8743e-07, 0, -1, 17.3245, 0, 15.1099)

[node name="45" parent="Roads" instance=ExtResource("6_gqk4j")]
transform = Transform3D(-1, 0, 3.8743e-07, 0, 1, 0, -3.8743e-07, 0, -1, 34.634, 0, 15.1099)

[node name="46" parent="Roads" instance=ExtResource("6_gqk4j")]
transform = Transform3D(-1, 0, 3.8743e-07, 0, 1, 0, -3.8743e-07, 0, -1, -25.9951, 0, 30.1354)

[node name="47" parent="Roads" instance=ExtResource("6_gqk4j")]
transform = Transform3D(-1, 0, 3.8743e-07, 0, 1, 0, -3.8743e-07, 0, -1, -8.64631, 0, 30.1354)

[node name="48" parent="Roads" instance=ExtResource("6_gqk4j")]
transform = Transform3D(-1, 0, 3.8743e-07, 0, 1, 0, -3.8743e-07, 0, -1, 8.68312, 0, 30.1354)

[node name="49" parent="Roads" instance=ExtResource("6_gqk4j")]
transform = Transform3D(-1, 0, 3.8743e-07, 0, 1, 0, -3.8743e-07, 0, -1, 25.981, 0, 30.1354)

[node name="12" parent="Roads" instance=ExtResource("6_gqk4j")]
transform = Transform3D(-0.5, 0, 0.866026, 0, 1, 0, -0.866026, 0, -0.5, -30.3001, 0, -22.513)

[node name="13" parent="Roads" instance=ExtResource("6_gqk4j")]
transform = Transform3D(-0.5, 0, 0.866026, 0, 1, 0, -0.866026, 0, -0.5, -13.0639, 0, -22.4644)

[node name="14" parent="Roads" instance=ExtResource("6_gqk4j")]
transform = Transform3D(-0.5, 0, 0.866026, 0, 1, 0, -0.866026, 0, -0.5, 4.41022, 0, -22.5642)

[node name="15" parent="Roads" instance=ExtResource("6_gqk4j")]
transform = Transform3D(-0.5, 0, 0.866026, 0, 1, 0, -0.866026, 0, -0.5, 21.6548, 0, -22.5209)

[node name="16" parent="Roads" instance=ExtResource("6_gqk4j")]
transform = Transform3D(-0.5, 0, 0.866026, 0, 1, 0, -0.866026, 0, -0.5, -38.9876, 0, -7.54254)

[node name="17" parent="Roads" instance=ExtResource("6_gqk4j")]
transform = Transform3D(-0.5, 0, 0.866026, 0, 1, 0, -0.866026, 0, -0.5, -21.8272, 0, -7.45838)

[node name="18" parent="Roads" instance=ExtResource("6_gqk4j")]
transform = Transform3D(-0.5, 0, 0.866026, 0, 1, 0, -0.866026, 0, -0.5, -4.19771, 0, -7.60542)

[node name="19" parent="Roads" instance=ExtResource("6_gqk4j")]
transform = Transform3D(-0.5, 0, 0.866026, 0, 1, 0, -0.866026, 0, -0.5, 13.1254, 0, -7.60224)

[node name="20" parent="Roads" instance=ExtResource("6_gqk4j")]
transform = Transform3D(-0.5, 0, 0.866026, 0, 1, 0, -0.866026, 0, -0.5, 30.4027, 0, -7.56036)

[node name="65" parent="Roads" instance=ExtResource("6_gqk4j")]
transform = Transform3D(-0.5, 0, 0.866026, 0, 1, 0, -0.866026, 0, -0.5, 39.2327, 0, 7.42087)

[node name="69" parent="Roads" instance=ExtResource("6_gqk4j")]
transform = Transform3D(-0.5, 0, 0.866026, 0, 1, 0, -0.866026, 0, -0.5, 30.4907, 0, 22.5722)

[node name="21" parent="Roads" instance=ExtResource("6_gqk4j")]
transform = Transform3D(-0.5, 0, 0.866026, 0, 1, 0, -0.866026, 0, -0.5, -30.3604, 0, 7.47332)

[node name="22" parent="Roads" instance=ExtResource("6_gqk4j")]
transform = Transform3D(-0.5, 0, 0.866026, 0, 1, 0, -0.866026, 0, -0.5, -12.7758, 0, 7.32989)

[node name="23" parent="Roads" instance=ExtResource("6_gqk4j")]
transform = Transform3D(-0.5, 0, 0.866026, 0, 1, 0, -0.866026, 0, -0.5, 4.39607, 0, 7.45224)

[node name="24" parent="Roads" instance=ExtResource("6_gqk4j")]
transform = Transform3D(-0.5, 0, 0.866026, 0, 1, 0, -0.866026, 0, -0.5, 21.567, 0, 7.50089)

[node name="25" parent="Roads" instance=ExtResource("6_gqk4j")]
transform = Transform3D(-0.5, 0, 0.866026, 0, 1, 0, -0.866026, 0, -0.5, -21.5218, 0, 22.4348)

[node name="26" parent="Roads" instance=ExtResource("6_gqk4j")]
transform = Transform3D(-0.5, 0, 0.866026, 0, 1, 0, -0.866026, 0, -0.5, -4.27023, 0, 22.4348)

[node name="27" parent="Roads" instance=ExtResource("6_gqk4j")]
transform = Transform3D(-0.5, 0, 0.866026, 0, 1, 0, -0.866026, 0, -0.5, 13.0405, 0, 22.4505)

[node name="28" parent="Roads" instance=ExtResource("6_gqk4j")]
transform = Transform3D(-0.5, 0, 0.866026, 0, 1, 0, -0.866026, 0, -0.5, -13.0618, 0, 37.545)

[node name="29" parent="Roads" instance=ExtResource("6_gqk4j")]
transform = Transform3D(-0.5, 0, 0.866026, 0, 1, 0, -0.866026, 0, -0.5, 4.33616, 0, 37.6138)

[node name="30" parent="Roads" instance=ExtResource("6_gqk4j")]
transform = Transform3D(-0.5, 0, 0.866026, 0, 1, 0, -0.866026, 0, -0.5, 21.7621, 0, 37.4344)

[node name="Port" type="Node3D" parent="."]
transform = Transform3D(1, 0, 0, 0, 1, 0, 0, 0, 1, 0, -0.5, 0)

[node name="0" parent="Port" instance=ExtResource("4_tpb0m")]
transform = Transform3D(0.5, 0, 0.866025, 0, 1, 0, -0.866025, 0, 0.5, 31.9603, -0.249992, -23.0608)

[node name="1" parent="Port" instance=ExtResource("4_tpb0m")]
transform = Transform3D(1, 0, 0, 0, 1, 0, 0, 0, 1, 44.783, -0.249992, 0.371235)

[node name="2" parent="Port" instance=ExtResource("4_tpb0m")]
transform = Transform3D(0.5, 0, -0.866025, 0, 1, 0, 0.866025, 0, 0.5, 31.1075, -0.249992, 23.5174)

[node name="3" parent="Port" instance=ExtResource("4_tpb0m")]
transform = Transform3D(0.5, 0, -0.866025, 0, 1, 0, 0.866025, 0, 0.5, 4.19246, -0.249992, 39.0078)

[node name="4" parent="Port" instance=ExtResource("4_tpb0m")]
transform = Transform3D(-0.5, 0, -0.866025, 0, 1, 0, 0.866025, 0, -0.5, -22.355, -0.249992, 38.6191)

[node name="5" parent="Port" instance=ExtResource("4_tpb0m")]
transform = Transform3D(-1, 0, -8.74227e-08, 0, 1, 0, 8.74227e-08, 0, -1, -36.0232, -0.249992, 15.2807)

[node name="6" parent="Port" instance=ExtResource("4_tpb0m")]
transform = Transform3D(-1, 0, -8.74227e-08, 0, 1, 0, 8.74227e-08, 0, -1, -36.0763, -0.249992, -15.7829)

[node name="7" parent="Port" instance=ExtResource("4_tpb0m")]
transform = Transform3D(-0.5, 0, 0.866025, 0, 1, 0, -0.866025, 0, -0.5, -22.1351, -0.25, -38.8235)

[node name="8" parent="Port" instance=ExtResource("4_tpb0m")]
transform = Transform3D(0.5, 0, 0.866025, 0, 1, 0, -0.866025, 0, 0.5, 5.04149, -0.249992, -38.6339)

[node name="DirectionalLight3D" type="DirectionalLight3D" parent="."]
transform = Transform3D(0.951669, 0.299731, 0.0669813, -0.307124, 0.928761, 0.207552, 0, -0.218092, 0.975928, -0.308539, 11.3596, -7.62939e-06)
